%YAML:1.0

#--------------------------------------------------------------------------------------------
# Camera Parameters. Adjust them!
#data: [1163.63581744, 0.0,      914.3023109,
#       0.0,     1160.41900028,  416.96622927,
#       0.0,     0.0,      1.0     ] inaccurate from checkerboard
#data: [-0.32548134, 0.09607534, -0.00019287, 0.00156899, 0.000000]
#
#distortion: [-0.3179043   0.08760867 -0.00042477  0.00050304] +- [ 0.00075545  0.00053568  0.0001108   0.00010361]
#projection: [ 1139.39314799  1135.70591815   929.48580562   417.19997396] +- [ 1.10708501  1.11305845  0.80767986  0.88901752]
#reprojection error: [0.000004, 0.000003] +- [0.639574, 0.538327]
#
#--------------------------------------------------------------------------------------------
CameraMat: !!opencv-matrix
  rows: 3
  cols: 3
  dt: d
  data: [1139.39314799, 0.0,      929.48580562,
         0.0,     1135.70591815,  417.19997396,
         0.0,     0.0,      1.0     ]

DistCoeffs: !!opencv-matrix
  rows: 5
  cols: 1
  dt: d
  data: [-0.3179043, 0.08760867, -0.00042477, 0.00050304, 0.000000]

Camera.width: 1920
Camera.height: 1080