%YAML:1.0

#--------------------------------------------------------------------------------------------
# Camera Parameters. Adjust them!
#data: [1163.63581744, 0.0,      914.3023109,
#       0.0,     1160.41900028,  416.96622927,
#       0.0,     0.0,      1.0     ] inaccurate from checkerboard
#data: [-0.32548134, 0.09607534, -0.00019287, 0.00156899, 0.000000]
#
#distortion: [-0.3143816   0.08476504 -0.0007795   0.00021296] +- [ 0.00048882  0.00039257  0.00007294  0.00006854]
#projection: [ 1139.46026454  1140.10761294   966.75683491   538.14642887] +- [ 0.90045922  0.87111014  0.84717798  1.00288481]
#reprojection error: [-0.000000, 0.000000] +- [0.523810, 0.371133]
#
#--------------------------------------------------------------------------------------------
CameraMat: !!opencv-matrix
  rows: 3
  cols: 3
  dt: d
  data: [1139.46026454, 0.0,      966.75683491,
         0.0,     1140.10761294,  538.14642887,
         0.0,     0.0,      1.0     ]

DistCoeffs: !!opencv-matrix
  rows: 5
  cols: 1
  dt: d
  data: [-0.3143816, 0.08476504, -0.0007795, 0.00021296, 0.000000]

Camera.width: 1920
Camera.height: 1080