image_width: 1920
image_height: 1080
camera_name: head_camera
camera_matrix:
  rows: 3
  cols: 3
  data: [1139.46026454, 0.0,      966.75683491,
         0.0,     1140.10761294,  538.14642887,
         0.0,     0.0,      1.0     ]
camera_model: plumb_bob
distortion_coefficients:
  rows: 1
  cols: 5
  data: [-0.3143816, 0.08476504, -0.0007795, 0.00021296, 0.000000]
rectification_matrix:
  rows: 3
  cols: 3
  data: [ 1.,  0.,  0.,
          0.,  1.,  0.,
          0.,  0.,  1.]
projection_matrix:
  rows: 3
  cols: 4
  data: [  848.28577,     0.     ,   906.66368,     0.     ,
           0.     ,  1019.95251,   423.60891,     0.     ,
           0.     ,     0.     ,     1.     ,     0.     ]
#distortion: [-0.3143816   0.08476504 -0.0007795   0.00021296] +- [ 0.00048882  0.00039257  0.00007294  0.00006854]
#projection: [ 1139.46026454  1140.10761294   966.75683491   538.14642887] +- [ 0.90045922  0.87111014  0.84717798  1.00288481]
#reprojection error: [-0.000000, 0.000000] +- [0.523810, 0.371133]
